08-08-2018 14:56:17 |-27439|-1|0.00|55.1|22.9|0.00|0.00|100.729|13.40|-3.75|54612.00|-1000.00|-1000.00
08-08-2018 14:56:19 |-27438|-1|0.00|55.1|22.9|0.00|0.00|100.730|13.82|-1.67|54612.00|-1000.00|-1000.00
08-08-2018 14:56:21 |-27437|-1|0.00|55.4|22.9|0.00|0.00|100.729|13.55|-2.84|54612.00|-1000.00|-1000.00
08-08-2018 14:56:23 |-27436|-1|0.00|55.3|22.9|0.00|0.00|100.728|13.01|-5.40|54612.00|-1000.00|-1000.00
08-08-2018 14:56:25 |-27435|-1|0.00|55.3|22.9|0.00|0.00|100.728|12.82|-6.40|54612.00|-1000.00|-1000.00
08-08-2018 14:56:27 |-27434|-1|0.00|55.6|22.9|0.00|0.00|100.726|13.28|-4.55|54612.00|-1000.00|-1000.00
08-08-2018 14:56:29 |-27433|-1|0.00|55.4|22.9|0.00|0.00|100.725|13.72|-2.08|54612.00|-1000.00|-1000.00
08-08-2018 14:56:31 |-27432|-1|0.00|55.3|22.9|0.00|0.00|100.721|13.89|-1.42|54612.00|-1000.00|-1000.00
08-08-2018 14:56:33 |-27431|-1|0.00|55.2|22.9|0.00|0.00|100.722|13.55|-2.80|54612.00|-1000.00|-1000.00
08-08-2018 14:56:35 |-27430|-1|0.00|55.3|22.9|0.00|0.00|100.721|13.11|-4.83|54612.00|-1000.00|-1000.00
08-08-2018 14:56:37 |-27429|-1|0.00|55.7|22.9|0.00|0.00|100.720|12.89|-6.11|54612.00|-1000.00|-1000.00
08-08-2018 14:56:39 |-27428|-1|0.00|55.7|22.9|0.00|0.00|100.723|12.87|-6.08|54612.00|-1000.00|-1000.00
08-08-2018 14:56:41 |-27427|-1|0.00|55.5|22.9|0.00|0.00|100.718|13.26|-4.59|54612.00|-1000.00|-1000.00
08-08-2018 14:56:43 |-27426|-1|0.00|55.2|22.9|0.00|0.00|100.717|13.60|-2.83|54612.00|-1000.00|-1000.00
08-08-2018 14:56:45 |-27425|-1|0.00|55.0|22.9|0.00|0.00|100.722|13.82|-1.67|54612.00|-1000.00|-1000.00
08-08-2018 14:56:47 |-27424|-1|0.00|55.0|22.9|0.00|0.00|100.717|13.60|-2.79|54612.00|-1000.00|-1000.00
08-08-2018 14:56:49 |-27423|-1|0.00|55.0|22.9|0.00|0.00|100.718|13.16|-4.78|54612.00|-1000.00|-1000.00
08-08-2018 14:56:51 |-27422|-1|0.00|54.9|22.9|0.00|0.00|100.714|12.84|-6.27|54612.00|-1000.00|-1000.00
08-08-2018 14:56:53 |-27421|-1|0.00|54.8|22.9|0.00|0.00|100.717|13.01|-5.67|54612.00|-1000.00|-1000.00
08-08-2018 14:56:56 |-27420|-1|0.00|54.7|22.9|0.00|0.00|100.716|13.43|-3.82|54612.00|-1000.00|-1000.00
08-08-2018 14:56:58 |-27419|-1|0.00|54.5|22.9|0.00|0.00|100.721|13.82|-2.00|54612.00|-1000.00|-1000.00
08-08-2018 14:57:00 |-27418|-1|0.00|54.5|22.9|0.00|0.00|100.732|13.89|-1.46|54612.00|-1000.00|-1000.00
08-08-2018 14:57:02 |-27417|-1|0.00|54.8|22.9|0.00|0.00|100.726|13.57|-2.90|54612.00|-1000.00|-1000.00
08-08-2018 14:57:04 |-27416|-1|0.00|55.1|22.9|0.00|0.00|100.729|13.16|-4.64|54612.00|-1000.00|-1000.00
08-08-2018 14:57:06 |-27415|-1|0.00|55.1|22.9|0.00|0.00|100.725|12.84|-6.22|54612.00|-1000.00|-1000.00
08-08-2018 14:57:08 |-27414|-1|0.00|54.8|22.9|0.00|0.00|100.729|12.84|-6.46|54612.00|-1000.00|-1000.00
08-08-2018 14:57:10 |-27413|-1|0.00|54.6|22.9|0.00|0.00|100.726|13.21|-4.67|54612.00|-1000.00|-1000.00
08-08-2018 14:57:12 |-27412|-1|0.00|54.4|22.9|0.00|0.00|100.724|13.67|-2.70|54612.00|-1000.00|-1000.00
08-08-2018 14:57:14 |-27411|-1|0.00|54.2|22.9|0.00|0.00|100.725|13.89|-1.34|54612.00|-1000.00|-1000.00
08-08-2018 14:57:16 |-27410|-1|0.00|54.1|22.9|0.00|0.00|100.724|13.65|-2.38|54612.00|-1000.00|-1000.00
08-08-2018 14:57:18 |-27409|-1|0.00|54.2|22.9|0.00|0.00|100.720|13.16|-4.68|54612.00|-1000.00|-1000.00
08-08-2018 14:57:20 |-27408|-1|0.00|54.1|22.9|0.00|0.00|100.722|12.82|-6.53|54612.00|-1000.00|-1000.00
08-08-2018 14:57:22 |-27407|-1|0.00|54.0|22.9|0.00|0.00|100.722|13.01|-5.55|54612.00|-1000.00|-1000.00
08-08-2018 14:57:24 |-27406|-1|0.00|54.1|22.9|0.00|0.00|100.721|13.67|-2.58|54612.00|-1000.00|-1000.00
08-08-2018 14:57:26 |-27405|-1|0.00|54.2|22.9|0.00|0.00|100.722|13.89|-1.38|54612.00|-1000.00|-1000.00
08-08-2018 14:57:28 |-27404|-1|0.00|54.2|22.9|0.00|0.00|100.719|13.31|-3.90|54612.00|-1000.00|-1000.00
08-08-2018 14:57:30 |-27403|-1|0.00|54.3|22.9|0.00|0.00|100.719|12.82|-6.46|54612.00|-1000.00|-1000.00
08-08-2018 14:57:32 |-27402|-1|0.00|54.3|22.9|0.00|0.00|100.718|13.11|-5.25|54612.00|-1000.00|-1000.00
08-08-2018 14:57:35 |-27401|-1|0.00|54.3|22.9|0.00|0.00|100.718|13.77|-2.14|54612.00|-1000.00|-1000.00
08-08-2018 14:57:37 |-27400|-1|0.00|54.2|22.9|0.00|0.00|100.722|13.82|-1.58|54612.00|-1000.00|-1000.00
08-08-2018 14:57:39 |-27399|-1|0.00|54.2|22.9|0.00|0.00|100.721|13.31|-4.04|54612.00|-1000.00|-1000.00
08-08-2018 14:57:41 |-27398|-1|0.00|54.2|22.9|0.00|0.00|100.716|12.79|-6.41|54612.00|-1000.00|-1000.00
08-08-2018 14:57:43 |-27397|-1|0.00|54.2|22.9|0.00|0.00|100.717|12.94|-5.82|54612.00|-1000.00|-1000.00
08-08-2018 14:57:45 |-27396|-1|0.00|54.2|22.9|0.00|0.00|100.715|13.55|-3.22|54612.00|-1000.00|-1000.00
08-08-2018 14:57:47 |-27395|-1|0.00|54.1|22.9|0.00|0.00|100.717|13.89|-1.39|54612.00|-1000.00|-1000.00
08-08-2018 14:57:49 |-27394|-1|0.00|54.0|22.9|0.00|0.00|100.716|13.62|-2.48|54612.00|-1000.00|-1000.00
08-08-2018 14:57:51 |-27393|-1|0.00|54.0|22.9|0.00|0.00|100.713|12.99|-5.46|54612.00|-1000.00|-1000.00
08-08-2018 14:57:53 |-27392|-1|0.00|54.0|22.9|0.00|0.00|100.717|12.79|-6.41|54612.00|-1000.00|-1000.00
08-08-2018 14:57:55 |-27391|-1|0.00|54.0|22.9|0.00|0.00|100.717|13.50|-3.27|54612.00|-1000.00|-1000.00
08-08-2018 14:57:57 |-27390|-1|0.00|53.9|22.9|0.00|0.00|100.717|13.87|-1.38|54612.00|-1000.00|-1000.00
08-08-2018 14:57:59 |-27389|-1|0.00|53.9|22.9|0.00|0.00|100.721|13.13|-4.80|54612.00|-1000.00|-1000.00
08-08-2018 14:58:01 |-27388|-1|0.00|53.9|22.9|0.00|0.00|100.721|12.84|-6.41|54612.00|-1000.00|-1000.00
08-08-2018 14:58:03 |-27387|-1|0.00|53.9|22.9|0.00|0.00|100.720|13.50|-3.20|54612.00|-1000.00|-1000.00
08-08-2018 14:58:05 |-27386|-1|0.00|53.9|22.9|0.00|0.00|100.723|13.87|-1.50|54612.00|-1000.00|-1000.00
08-08-2018 14:58:07 |-27385|-1|0.00|54.0|22.9|0.00|0.00|100.725|13.09|-4.91|54612.00|-1000.00|-1000.00
08-08-2018 14:58:09 |-27384|-1|0.00|54.0|22.9|0.00|0.00|100.723|12.77|-6.55|54612.00|-1000.00|-1000.00
08-08-2018 14:58:11 |-27383|-1|0.00|54.0|22.9|0.00|0.00|100.727|13.43|-3.70|54612.00|-1000.00|-1000.00
08-08-2018 14:58:14 |-27382|-1|0.00|53.7|22.9|0.00|0.00|100.726|13.89|-1.44|54612.00|-1000.00|-1000.00
08-08-2018 14:58:16 |-27381|-1|0.00|53.6|22.9|0.00|0.00|100.727|13.60|-2.70|54612.00|-1000.00|-1000.00
08-08-2018 14:58:18 |-27380|-1|0.00|53.7|22.9|0.00|0.00|100.723|12.96|-5.60|54612.00|-1000.00|-1000.00
08-08-2018 14:58:20 |-27379|-1|0.00|53.7|22.9|0.00|0.00|100.727|12.82|-6.61|54612.00|-1000.00|-1000.00
08-08-2018 14:58:22 |-27378|-1|0.00|53.8|22.9|0.00|0.00|100.720|13.13|-5.03|54612.00|-1000.00|-1000.00
08-08-2018 14:58:24 |-27377|-1|0.00|53.7|22.9|0.00|0.00|100.726|13.55|-3.09|54612.00|-1000.00|-1000.00
08-08-2018 14:58:26 |-27376|-1|0.00|53.7|22.9|0.00|0.00|100.727|13.84|-1.77|54612.00|-1000.00|-1000.00
08-08-2018 14:58:28 |-27375|-1|0.00|53.6|22.9|0.00|0.00|100.726|13.92|-1.30|54612.00|-1000.00|-1000.00
08-08-2018 14:58:30 |-27374|-1|0.00|53.6|22.9|0.00|0.00|100.729|13.84|-1.63|54612.00|-1000.00|-1000.00
08-08-2018 14:58:32 |-27373|-1|0.00|53.6|22.9|0.00|0.00|100.729|13.57|-2.74|54612.00|-1000.00|-1000.00
08-08-2018 14:58:34 |-27372|-1|0.00|53.6|22.9|0.00|0.00|100.731|13.21|-4.24|54612.00|-1000.00|-1000.00
08-08-2018 14:58:36 |-27371|-1|0.00|53.5|22.9|0.00|0.00|100.730|12.96|-5.57|54612.00|-1000.00|-1000.00
08-08-2018 14:58:38 |-27370|-1|0.00|53.5|22.9|0.00|0.00|100.727|12.79|-6.46|54612.00|-1000.00|-1000.00
08-08-2018 14:58:40 |-27369|-1|0.00|53.5|22.9|0.00|0.00|100.730|12.84|-6.22|54612.00|-1000.00|-1000.00
08-08-2018 14:58:42 |-27368|-1|0.00|53.6|22.9|0.00|0.00|100.731|13.21|-4.72|54612.00|-1000.00|-1000.00
08-08-2018 14:58:44 |-27367|-1|0.00|53.4|22.9|0.00|0.00|100.730|13.60|-2.83|54612.00|-1000.00|-1000.00
08-08-2018 14:58:46 |-27366|-1|0.00|53.4|22.9|0.00|0.00|100.732|13.84|-1.54|54612.00|-1000.00|-1000.00
08-08-2018 14:58:48 |-27365|-1|0.00|53.4|22.9|0.00|0.00|100.735|13.75|-2.10|54612.00|-1000.00|-1000.00
08-08-2018 14:58:50 |-27364|-1|0.00|53.4|22.9|0.00|0.00|100.732|13.18|-4.48|54612.00|-1000.00|-1000.00
08-08-2018 14:58:53 |-27363|-1|0.00|53.5|22.9|0.00|0.00|100.728|12.84|-6.45|54612.00|-1000.00|-1000.00
08-08-2018 14:58:55 |-27362|-1|0.00|53.6|22.9|0.00|0.00|100.731|13.11|-5.15|54612.00|-1000.00|-1000.00
08-08-2018 14:58:57 |-27361|-1|0.00|53.4|22.9|0.00|0.00|100.734|13.75|-2.21|54612.00|-1000.00|-1000.00
08-08-2018 14:58:59 |-27360|-1|0.00|53.4|22.9|0.00|0.00|100.731|13.82|-1.78|54612.00|-1000.00|-1000.00
08-08-2018 14:59:01 |-27359|-1|0.00|53.3|22.9|0.00|0.00|100.735|13.21|-4.41|54612.00|-1000.00|-1000.00
08-08-2018 14:59:03 |-27358|-1|0.00|53.3|22.9|0.00|0.00|100.728|12.82|-6.44|54612.00|-1000.00|-1000.00
08-08-2018 14:59:05 |-27357|-1|0.00|53.2|22.9|0.00|0.00|100.733|13.13|-5.02|54612.00|-1000.00|-1000.00
08-08-2018 14:59:07 |-27356|-1|0.00|53.3|22.9|0.00|0.00|100.732|13.77|-2.29|54612.00|-1000.00|-1000.00
08-08-2018 14:59:09 |-27355|-1|0.00|53.2|22.9|0.00|0.00|100.737|13.87|-1.67|54612.00|-1000.00|-1000.00
08-08-2018 14:59:11 |-27354|-1|0.00|53.1|22.9|0.00|0.00|100.733|13.31|-3.95|54612.00|-1000.00|-1000.00
08-08-2018 14:59:13 |-27353|-1|0.00|53.4|22.9|0.00|0.00|100.734|12.82|-6.21|54612.00|-1000.00|-1000.00
08-08-2018 14:59:15 |-27352|-1|0.00|53.4|22.9|0.00|0.00|100.731|12.89|-5.99|54612.00|-1000.00|-1000.00
08-08-2018 14:59:17 |-27351|-1|0.00|53.3|22.9|0.00|0.00|100.734|13.50|-3.41|54612.00|-1000.00|-1000.00
08-08-2018 14:59:19 |-27350|-1|0.00|53.2|22.9|0.00|0.00|100.734|13.87|-1.50|54612.00|-1000.00|-1000.00
08-08-2018 14:59:21 |-27349|-1|0.00|53.4|22.9|0.00|0.00|100.731|13.48|-3.35|54612.00|-1000.00|-1000.00
08-08-2018 14:59:23 |-27348|-1|0.00|53.5|22.9|0.00|0.00|100.731|12.87|-6.24|54612.00|-1000.00|-1000.00
08-08-2018 14:59:25 |-27347|-1|0.00|53.4|22.9|0.00|0.00|100.732|13.09|-5.37|54612.00|-1000.00|-1000.00
08-08-2018 14:59:27 |-27346|-1|0.00|53.4|22.9|0.00|0.00|100.729|13.79|-2.14|54612.00|-1000.00|-1000.00
08-08-2018 14:59:29 |-27345|-1|0.00|53.3|22.9|0.00|0.00|100.731|13.75|-2.12|54612.00|-1000.00|-1000.00
08-08-2018 14:59:32 |-27344|-1|0.00|53.2|22.9|0.00|0.00|100.729|12.96|-5.57|54612.00|-1000.00|-1000.00
08-08-2018 14:59:34 |-27343|-1|0.00|53.3|22.9|0.00|0.00|100.731|12.94|-5.92|54612.00|-1000.00|-1000.00
08-08-2018 14:59:36 |-27342|-1|0.00|53.7|22.9|0.00|0.00|100.732|13.67|-2.61|54612.00|-1000.00|-1000.00
08-08-2018 14:59:38 |-27341|-1|0.00|53.7|22.8|0.00|0.00|100.730|13.84|-1.70|54612.00|-1000.00|-1000.00
08-08-2018 14:59:40 |-27340|-1|0.00|53.7|22.8|0.00|0.00|100.730|13.21|-4.67|54612.00|-1000.00|-1000.00
08-08-2018 14:59:42 |-27339|-1|0.00|53.7|22.9|0.00|0.00|100.730|12.84|-6.53|54612.00|-1000.00|-1000.00
08-08-2018 14:59:44 |-27338|-1|0.00|53.5|22.8|0.00|0.00|100.727|13.35|-4.31|54612.00|-1000.00|-1000.00
08-08-2018 14:59:46 |-27337|-1|0.00|53.5|22.9|0.00|0.00|100.733|13.84|-1.76|54612.00|-1000.00|-1000.00
08-08-2018 14:59:48 |-27336|-1|0.00|53.4|22.9|0.00|0.00|100.732|13.75|-2.24|54612.00|-1000.00|-1000.00
08-08-2018 14:59:50 |-27335|-1|0.00|53.4|22.9|0.00|0.00|100.734|13.11|-4.89|54612.00|-1000.00|-1000.00
08-08-2018 14:59:52 |-27334|-1|0.00|53.5|22.8|0.00|0.00|100.730|12.84|-6.49|54612.00|-1000.00|-1000.00
08-08-2018 14:59:54 |-27333|-1|0.00|53.4|22.8|0.00|0.00|100.728|13.09|-5.28|54612.00|-1000.00|-1000.00
08-08-2018 14:59:56 |-27332|-1|0.00|53.3|22.8|0.00|0.00|100.732|13.67|-2.67|54612.00|-1000.00|-1000.00
08-08-2018 14:59:58 |-27331|-1|0.00|53.4|22.8|0.00|0.00|100.731|13.89|-1.51|54612.00|-1000.00|-1000.00
08-08-2018 15:00:00 |-27330|-1|0.00|53.3|22.8|0.00|0.00|100.730|13.40|-3.58|54612.00|-1000.00|-1000.00
08-08-2018 15:00:02 |-27329|-1|0.00|53.1|22.8|0.00|0.00|100.732|12.89|-6.07|54612.00|-1000.00|-1000.00
08-08-2018 15:00:04 |-27328|-1|0.00|53.0|22.8|0.00|0.00|100.733|12.92|-6.05|54612.00|-1000.00|-1000.00
08-08-2018 15:00:06 |-27327|-1|0.00|53.0|22.8|0.00|0.00|100.729|13.53|-3.43|54612.00|-1000.00|-1000.00
08-08-2018 15:00:08 |-27326|-1|0.00|52.9|22.8|0.00|0.00|100.730|13.89|-1.48|54612.00|-1000.00|-1000.00
08-08-2018 15:00:11 |-27325|-1|0.00|52.9|22.8|0.00|0.00|100.731|13.60|-2.68|54612.00|-1000.00|-1000.00
08-08-2018 15:00:13 |-27324|-1|0.00|53.0|22.9|0.00|0.00|100.737|12.96|-5.55|54612.00|-1000.00|-1000.00
08-08-2018 15:00:15 |-27323|-1|0.00|53.2|22.9|0.00|0.00|100.737|12.79|-6.47|54612.00|-1000.00|-1000.00
08-08-2018 15:00:17 |-27322|-1|0.00|53.2|22.8|0.00|0.00|100.729|13.35|-4.01|54612.00|-1000.00|-1000.00
08-08-2018 15:00:19 |-27321|-1|0.00|53.0|22.9|0.00|0.00|100.732|13.87|-1.64|54612.00|-1000.00|-1000.00
08-08-2018 15:00:21 |-27320|-1|0.00|52.9|22.9|0.00|0.00|100.731|13.75|-2.10|54612.00|-1000.00|-1000.00
08-08-2018 15:00:23 |-27319|-1|0.00|52.9|22.9|0.00|0.00|100.737|13.16|-4.74|54612.00|-1000.00|-1000.00
08-08-2018 15:00:25 |-27318|-1|0.00|52.9|22.8|0.00|0.00|100.733|12.82|-6.57|54612.00|-1000.00|-1000.00
08-08-2018 15:00:27 |-27317|-1|0.00|52.9|22.9|0.00|0.00|100.734|13.06|-5.44|54612.00|-1000.00|-1000.00
08-08-2018 15:00:29 |-27316|-1|0.00|53.4|22.8|0.00|0.00|100.729|13.65|-2.72|54612.00|-1000.00|-1000.00
08-08-2018 15:00:31 |-27315|-1|0.00|53.5|22.8|0.00|0.00|100.733|13.94|-1.12|54612.00|-1000.00|-1000.00
08-08-2018 15:00:33 |-27314|-1|0.00|53.2|22.8|0.00|0.00|100.734|13.50|-2.81|54612.00|-1000.00|-1000.00
08-08-2018 15:00:35 |-27313|-1|0.00|53.0|22.8|0.00|0.00|100.747|12.99|-5.68|54612.00|-1000.00|-1000.00
08-08-2018 15:00:37 |-27312|-1|0.00|52.7|22.8|0.00|0.00|100.731|12.79|-6.66|54612.00|-1000.00|-1000.00
08-08-2018 15:00:39 |-27311|-1|0.00|52.6|22.8|0.00|0.00|100.730|13.18|-5.00|54612.00|-1000.00|-1000.00
08-08-2018 15:00:41 |-27310|-1|0.00|52.7|22.8|0.00|0.00|100.747|13.72|-2.45|54612.00|-1000.00|-1000.00
08-08-2018 15:00:43 |-27309|-1|0.00|52.6|22.8|0.00|0.00|100.738|13.94|-1.31|54612.00|-1000.00|-1000.00
08-08-2018 15:00:45 |-27308|-1|0.00|52.8|22.8|0.00|0.00|100.728|13.62|-2.64|54612.00|-1000.00|-1000.00
08-08-2018 15:00:47 |-27307|-1|0.00|52.8|22.8|0.00|0.00|100.729|13.09|-5.15|54612.00|-1000.00|-1000.00
08-08-2018 15:00:50 |-27306|-1|0.00|52.8|22.8|0.00|0.00|100.728|12.82|-6.63|54612.00|-1000.00|-1000.00
08-08-2018 15:00:52 |-27305|-1|0.00|52.8|22.8|0.00|0.00|100.731|13.18|-4.92|54612.00|-1000.00|-1000.00
08-08-2018 15:00:54 |-27304|-1|0.00|52.7|22.8|0.00|0.00|100.728|13.77|-2.13|54612.00|-1000.00|-1000.00
08-08-2018 15:00:56 |-27303|-1|0.00|52.7|22.8|0.00|0.00|100.730|13.84|-1.68|54612.00|-1000.00|-1000.00
08-08-2018 15:00:58 |-27302|-1|0.00|52.6|22.8|0.00|0.00|100.728|13.16|-4.64|54612.00|-1000.00|-1000.00
08-08-2018 15:01:00 |-27301|-1|0.00|52.4|22.8|0.00|0.00|100.732|12.79|-6.53|54612.00|-1000.00|-1000.00
08-08-2018 15:01:02 |-27300|-1|0.00|52.3|22.8|0.00|0.00|100.739|13.33|-4.21|54612.00|-1000.00|-1000.00
08-08-2018 15:01:04 |-27299|-1|0.00|52.3|22.8|0.00|0.00|100.732|13.89|-1.44|54612.00|-1000.00|-1000.00
08-08-2018 15:01:06 |-27298|-1|0.00|52.3|22.8|0.00|0.00|100.734|13.70|-2.27|54612.00|-1000.00|-1000.00
08-08-2018 15:01:08 |-27297|-1|0.00|52.3|22.8|0.00|0.00|100.732|13.04|-5.25|54612.00|-1000.00|-1000.00
08-08-2018 15:01:10 |-27296|-1|0.00|52.4|22.8|0.00|0.00|100.729|12.79|-6.53|54612.00|-1000.00|-1000.00
08-08-2018 15:01:12 |-27295|-1|0.00|52.4|22.8|0.00|0.00|100.728|13.45|-3.76|54612.00|-1000.00|-1000.00
08-08-2018 15:01:14 |-27294|-1|0.00|52.4|22.9|0.00|0.00|100.728|13.92|-1.37|54612.00|-1000.00|-1000.00
08-08-2018 15:01:16 |-27293|-1|0.00|52.3|22.8|0.00|0.00|100.729|13.60|-2.75|54612.00|-1000.00|-1000.00
08-08-2018 15:01:18 |-27292|-1|0.00|52.2|22.8|0.00|0.00|100.725|12.99|-5.48|54612.00|-1000.00|-1000.00
08-08-2018 15:01:20 |-27291|-1|0.00|52.2|22.8|0.00|0.00|100.729|12.79|-6.40|54612.00|-1000.00|-1000.00
08-08-2018 15:01:22 |-27290|-1|0.00|52.2|22.8|0.00|0.00|100.732|13.16|-5.19|54612.00|-1000.00|-1000.00
08-08-2018 15:01:24 |-27289|-1|0.00|52.3|22.8|0.00|0.00|100.730|13.60|-2.90|54612.00|-1000.00|-1000.00
08-08-2018 15:01:26 |-27288|-1|0.00|52.3|22.8|0.00|0.00|100.730|13.89|-1.41|54612.00|-1000.00|-1000.00
08-08-2018 15:01:29 |-27287|-1|0.00|52.2|22.8|0.00|0.00|100.729|13.79|-1.97|54612.00|-1000.00|-1000.00
08-08-2018 15:01:31 |-27286|-1|0.00|52.3|22.8|0.00|0.00|100.726|13.26|-4.26|54612.00|-1000.00|-1000.00
08-08-2018 15:01:33 |-27285|-1|0.00|52.2|22.9|0.00|0.00|100.732|12.84|-6.22|54612.00|-1000.00|-1000.00
08-08-2018 15:01:35 |-27284|-1|0.00|52.0|22.8|0.00|0.00|100.730|12.87|-6.22|54612.00|-1000.00|-1000.00
08-08-2018 15:01:37 |-27283|-1|0.00|52.1|22.8|0.00|0.00|100.732|13.38|-4.01|54612.00|-1000.00|-1000.00
08-08-2018 15:01:39 |-27282|-1|0.00|52.0|22.8|0.00|0.00|100.729|13.84|-1.77|54612.00|-1000.00|-1000.00
08-08-2018 15:01:41 |-27281|-1|0.00|52.0|22.8|0.00|0.00|100.730|13.87|-1.50|54612.00|-1000.00|-1000.00
08-08-2018 15:01:43 |-27280|-1|0.00|51.9|22.8|0.00|0.00|100.730|13.35|-3.67|54612.00|-1000.00|-1000.00
08-08-2018 15:01:45 |-27279|-1|0.00|51.9|22.8|0.00|0.00|100.729|12.89|-5.97|54612.00|-1000.00|-1000.00
08-08-2018 15:01:47 |-27278|-1|0.00|51.9|22.8|0.00|0.00|100.729|12.79|-6.42|54612.00|-1000.00|-1000.00
08-08-2018 15:01:49 |-27277|-1|0.00|52.0|22.8|0.00|0.00|100.728|13.31|-4.32|54612.00|-1000.00|-1000.00
08-08-2018 15:01:51 |-27276|-1|0.00|52.0|22.8|0.00|0.00|100.730|13.82|-1.90|54612.00|-1000.00|-1000.00
08-08-2018 15:01:53 |-27275|-1|0.00|51.9|22.8|0.00|0.00|100.727|13.87|-1.43|54612.00|-1000.00|-1000.00
08-08-2018 15:01:55 |-27274|-1|0.00|51.8|22.8|0.00|0.00|100.734|13.45|-3.24|54612.00|-1000.00|-1000.00
08-08-2018 15:01:57 |-27273|-1|0.00|51.9|22.8|0.00|0.00|100.734|13.01|-5.36|54612.00|-1000.00|-1000.00
08-08-2018 15:01:59 |-27272|-1|0.00|52.0|22.8|0.00|0.00|100.740|12.79|-6.46|54612.00|-1000.00|-1000.00
08-08-2018 15:02:01 |-27271|-1|0.00|52.3|22.8|0.00|0.00|100.738|12.96|-5.71|54612.00|-1000.00|-1000.00
08-08-2018 15:02:03 |-27270|-1|0.00|52.1|22.8|0.00|0.00|100.735|13.43|-3.69|54612.00|-1000.00|-1000.00
08-08-2018 15:02:05 |-27269|-1|0.00|52.1|22.8|0.00|0.00|100.731|13.87|-1.69|54612.00|-1000.00|-1000.00
08-08-2018 15:02:08 |-27268|-1|0.00|52.0|22.7|0.00|0.00|100.731|13.87|-1.47|54612.00|-1000.00|-1000.00
08-08-2018 15:02:10 |-27267|-1|0.00|52.0|22.8|0.00|0.00|100.731|13.38|-3.54|54612.00|-1000.00|-1000.00
08-08-2018 15:02:12 |-27266|-1|0.00|52.0|22.8|0.00|0.00|100.730|12.89|-5.94|54612.00|-1000.00|-1000.00
08-08-2018 15:02:14 |-27265|-1|0.00|51.8|22.8|0.00|0.00|100.738|12.84|-6.32|54612.00|-1000.00|-1000.00
08-08-2018 15:02:16 |-27264|-1|0.00|51.7|22.8|0.00|0.00|100.730|13.43|-3.87|54612.00|-1000.00|-1000.00
08-08-2018 15:02:18 |-27263|-1|0.00|51.5|22.8|0.00|0.00|100.730|13.89|-1.45|54612.00|-1000.00|-1000.00
08-08-2018 15:02:20 |-27262|-1|0.00|51.5|22.8|0.00|0.00|100.730|13.65|-2.44|54612.00|-1000.00|-1000.00
08-08-2018 15:02:22 |-27261|-1|0.00|51.4|22.8|0.00|0.00|100.730|12.96|-5.60|54612.00|-1000.00|-1000.00
08-08-2018 15:02:26 |-27260|-1|0.00|51.3|22.8|0.00|0.00|100.731|12.87|-6.15|54612.00|-1000.00|-1000.00
08-08-2018 15:02:28 |-27259|-1|0.00|51.3|22.8|0.00|0.00|100.731|13.60|-3.06|54612.00|-1000.00|-1000.00
08-08-2018 15:02:29 |-27258|-1|0.00|51.3|22.8|0.00|0.00|100.728|13.92|-1.30|54612.00|-1000.00|-1000.00
08-08-2018 15:02:32 |-27257|-1|0.00|51.4|22.8|0.00|0.00|100.730|13.43|-3.47|54612.00|-1000.00|-1000.00
08-08-2018 15:02:35 |-27256|-1|0.00|51.4|22.8|0.00|0.00|100.729|12.87|-6.20|54612.00|-1000.00|-1000.00
08-08-2018 15:02:35 |-27255|-1|0.00|51.5|22.8|0.00|0.00|100.729|12.94|-6.04|54612.00|-1000.00|-1000.00
08-08-2018 15:02:36 |-27254|-1|0.00|51.6|22.8|0.00|0.00|100.730|13.50|-3.49|54612.00|-1000.00|-1000.00
08-08-2018 15:02:38 |-27253|-1|0.00|51.7|22.7|0.00|0.00|100.729|13.87|-1.54|54612.00|-1000.00|-1000.00
08-08-2018 15:02:40 |-27252|-1|0.00|51.8|22.7|0.00|0.00|100.729|13.79|-1.92|54612.00|-1000.00|-1000.00
08-08-2018 15:02:42 |-27251|-1|0.00|51.8|22.7|0.00|0.00|100.731|13.23|-4.28|54612.00|-1000.00|-1000.00
08-08-2018 15:02:44 |-27250|-1|0.00|51.8|22.7|0.00|0.00|100.727|12.82|-6.27|54612.00|-1000.00|-1000.00
08-08-2018 15:02:47 |-27249|-1|0.00|51.7|22.7|0.00|0.00|100.730|12.84|-6.32|54612.00|-1000.00|-1000.00
08-08-2018 15:02:49 |-27248|-1|0.00|51.6|22.7|0.00|0.00|100.726|13.31|-4.38|54612.00|-1000.00|-1000.00
08-08-2018 15:02:51 |-27247|-1|0.00|51.5|22.7|0.00|0.00|100.731|13.75|-2.33|54612.00|-1000.00|-1000.00
08-08-2018 15:02:53 |-27246|-1|0.00|51.5|22.7|0.00|0.00|100.731|13.92|-1.31|54612.00|-1000.00|-1000.00
08-08-2018 15:02:55 |-27245|-1|0.00|51.6|22.7|0.00|0.00|100.732|13.75|-2.02|54612.00|-1000.00|-1000.00
08-08-2018 15:02:57 |-27244|-1|0.00|51.7|22.7|0.00|0.00|100.727|13.31|-4.00|54612.00|-1000.00|-1000.00
08-08-2018 15:02:59 |-27243|-1|0.00|51.7|22.7|0.00|0.00|100.730|12.92|-5.85|54612.00|-1000.00|-1000.00
08-08-2018 15:03:01 |-27242|-1|0.00|51.8|22.7|0.00|0.00|100.731|12.79|-6.53|54612.00|-1000.00|-1000.00
08-08-2018 15:03:03 |-27241|-1|0.00|51.7|22.7|0.00|0.00|100.728|13.06|-5.50|54612.00|-1000.00|-1000.00
08-08-2018 15:03:05 |-27240|-1|0.00|51.8|22.7|0.00|0.00|100.732|13.55|-3.32|54612.00|-1000.00|-1000.00
08-08-2018 15:03:07 |-27239|-1|0.00|51.7|22.7|0.00|0.00|100.731|13.89|-1.53|54612.00|-1000.00|-1000.00
08-08-2018 15:03:09 |-27238|-1|0.00|51.8|22.7|0.00|0.00|100.729|13.84|-1.75|54612.00|-1000.00|-1000.00
08-08-2018 15:03:11 |-27237|-1|0.00|52.3|22.7|0.00|0.00|100.729|13.31|-3.95|54612.00|-1000.00|-1000.00
08-08-2018 15:03:13 |-27236|-1|0.00|52.4|22.7|0.00|0.00|100.727|12.84|-6.19|54612.00|-1000.00|-1000.00
08-08-2018 15:03:15 |-27235|-1|0.00|52.3|22.7|0.00|0.00|100.728|12.96|-5.91|54612.00|-1000.00|-1000.00
08-08-2018 15:03:17 |-27234|-1|0.00|52.3|22.7|0.00|0.00|100.732|13.60|-3.11|54612.00|-1000.00|-1000.00
08-08-2018 15:03:19 |-27233|-1|0.00|52.0|22.7|0.00|0.00|100.741|13.94|-1.32|54612.00|-1000.00|-1000.00
08-08-2018 15:03:21 |-27232|-1|0.00|51.9|22.7|0.00|0.00|100.724|13.45|-3.34|54612.00|-1000.00|-1000.00
08-08-2018 15:03:23 |-27231|-1|0.00|51.8|22.7|0.00|0.00|100.725|12.87|-6.15|54612.00|-1000.00|-1000.00
08-08-2018 15:03:26 |-27230|-1|0.00|51.7|22.7|0.00|0.00|100.727|12.96|-5.82|54612.00|-1000.00|-1000.00
08-08-2018 15:03:28 |-27229|-1|0.00|51.4|22.7|0.00|0.00|100.725|13.62|-2.81|54612.00|-1000.00|-1000.00
08-08-2018 15:03:30 |-27228|-1|0.00|51.4|22.7|0.00|0.00|100.729|13.94|-1.30|54612.00|-1000.00|-1000.00
08-08-2018 15:03:32 |-27227|-1|0.00|51.4|22.7|0.00|0.00|100.722|13.38|-3.64|54612.00|-1000.00|-1000.00
08-08-2018 15:03:34 |-27226|-1|0.00|51.4|22.7|0.00|0.00|100.726|12.82|-6.33|54612.00|-1000.00|-1000.00
08-08-2018 15:03:36 |-27225|-1|0.00|51.4|22.7|0.00|0.00|100.719|13.09|-5.35|54612.00|-1000.00|-1000.00
08-08-2018 15:03:38 |-27224|-1|0.00|51.4|22.7|0.00|0.00|100.722|13.72|-2.38|54612.00|-1000.00|-1000.00
08-08-2018 15:03:40 |-27223|-1|0.00|51.7|22.8|0.00|0.00|100.744|13.87|-1.69|54612.00|-1000.00|-1000.00
08-08-2018 15:03:42 |-27222|-1|0.00|52.3|22.7|0.00|0.00|100.774|13.31|-3.91|54612.00|-1000.00|-1000.00
08-08-2018 15:03:44 |-27221|-1|0.00|52.3|22.7|0.00|0.00|100.767|12.94|-5.79|54612.00|-1000.00|-1000.00
08-08-2018 15:03:46 |-27220|-1|0.00|52.0|22.7|0.00|0.00|100.763|12.87|-6.65|54612.00|-1000.00|-1000.00
08-08-2018 15:03:48 |-27219|-1|0.00|51.8|22.7|0.00|0.00|100.760|13.35|-4.28|54612.00|-1000.00|-1000.00
08-08-2018 15:03:50 |-27218|-1|0.00|51.8|22.7|0.00|0.00|100.716|13.87|-1.86|54612.00|-1000.00|-1000.00
08-08-2018 15:03:52 |-27217|-1|0.00|51.8|22.7|0.00|0.00|100.715|13.96|-1.32|54612.00|-1000.00|-1000.00
08-08-2018 15:03:54 |-27216|-1|0.00|51.9|22.7|0.00|0.00|100.714|13.55|-3.10|54612.00|-1000.00|-1000.00
08-08-2018 15:03:56 |-27215|-1|0.00|52.2|22.7|0.00|0.00|100.717|12.99|-5.69|54612.00|-1000.00|-1000.00
08-08-2018 15:03:58 |-27214|-1|0.00|52.3|22.7|0.00|0.00|100.719|12.77|-6.98|54612.00|-1000.00|-1000.00
08-08-2018 15:04:00 |-27213|-1|0.00|52.5|22.7|0.00|0.00|100.722|13.13|-5.43|54612.00|-1000.00|-1000.00
08-08-2018 15:04:02 |-27212|-1|0.00|52.6|22.7|0.00|0.00|100.728|13.72|-2.59|54612.00|-1000.00|-1000.00
08-08-2018 15:04:05 |-27211|-1|0.00|52.5|22.7|0.00|0.00|100.725|14.01|-1.22|54612.00|-1000.00|-1000.00
08-08-2018 15:04:07 |-27210|-1|0.00|52.4|22.7|0.00|0.00|100.720|13.55|-3.06|54612.00|-1000.00|-1000.00
08-08-2018 15:04:09 |-27209|-1|0.00|52.4|22.7|0.00|0.00|100.722|12.92|-6.08|54612.00|-1000.00|-1000.00
08-08-2018 15:04:11 |-27208|-1|0.00|52.4|22.7|0.00|0.00|100.721|12.82|-6.68|54612.00|-1000.00|-1000.00
08-08-2018 15:04:13 |-27207|-1|0.00|52.4|22.7|0.00|0.00|100.724|13.40|-4.11|54612.00|-1000.00|-1000.00
08-08-2018 15:04:15 |-27206|-1|0.00|52.4|22.7|0.00|0.00|100.723|13.92|-1.49|54612.00|-1000.00|-1000.00
08-08-2018 15:04:17 |-27205|-1|0.00|52.3|22.7|0.00|0.00|100.725|13.79|-1.91|54612.00|-1000.00|-1000.00
08-08-2018 15:04:19 |-27204|-1|0.00|52.2|22.7|0.00|0.00|100.723|13.09|-5.08|54612.00|-1000.00|-1000.00
08-08-2018 15:04:21 |-27203|-1|0.00|52.4|22.7|0.00|0.00|100.721|12.77|-6.91|54612.00|-1000.00|-1000.00
08-08-2018 15:04:23 |-27202|-1|0.00|52.7|22.7|0.00|0.00|100.723|13.18|-5.24|54612.00|-1000.00|-1000.00
08-08-2018 15:04:25 |-27201|-1|0.00|52.8|22.7|0.00|0.00|100.724|13.72|-2.50|54612.00|-1000.00|-1000.00
08-08-2018 15:04:27 |-27200|-1|0.00|53.1|22.7|0.00|0.00|100.732|13.99|-1.16|54612.00|-1000.00|-1000.00
08-08-2018 15:04:29 |-27199|-1|0.00|53.0|22.7|0.00|0.00|100.728|13.75|-2.07|54612.00|-1000.00|-1000.00
08-08-2018 15:04:31 |-27198|-1|0.00|53.2|22.7|0.00|0.00|100.729|13.38|-3.87|54612.00|-1000.00|-1000.00
08-08-2018 15:04:33 |-27197|-1|0.00|53.5|22.7|0.00|0.00|100.726|12.94|-5.84|54612.00|-1000.00|-1000.00
08-08-2018 15:04:35 |-27196|-1|0.00|53.2|22.7|0.00|0.00|100.728|12.77|-6.86|54612.00|-1000.00|-1000.00
08-08-2018 15:04:37 |-27195|-1|0.00|53.1|22.7|0.00|0.00|100.731|12.92|-6.27|54612.00|-1000.00|-1000.00
08-08-2018 15:04:39 |-27194|-1|0.00|53.8|22.7|0.00|0.00|100.728|13.31|-4.42|54612.00|-1000.00|-1000.00
08-08-2018 15:04:41 |-27193|-1|0.00|53.7|22.7|0.00|0.00|100.728|13.77|-2.36|54612.00|-1000.00|-1000.00
08-08-2018 15:04:44 |-27192|-1|0.00|53.6|22.7|0.00|0.00|100.729|13.99|-1.20|54612.00|-1000.00|-1000.00
08-08-2018 15:04:46 |-27191|-1|0.00|53.7|22.7|0.00|0.00|100.729|13.72|-2.30|54612.00|-1000.00|-1000.00
08-08-2018 15:04:48 |-27190|-1|0.00|53.8|22.7|0.00|0.00|100.729|13.13|-5.11|54612.00|-1000.00|-1000.00
08-08-2018 15:04:50 |-27189|-1|0.00|53.6|22.7|0.00|0.00|100.733|12.77|-6.93|54612.00|-1000.00|-1000.00
08-08-2018 15:04:52 |-27188|-1|0.00|53.5|22.7|0.00|0.00|100.733|13.26|-4.72|54612.00|-1000.00|-1000.00
08-08-2018 15:04:54 |-27187|-1|0.00|53.5|22.7|0.00|0.00|100.731|13.96|-1.49|54612.00|-1000.00|-1000.00
08-08-2018 15:04:56 |-27186|-1|0.00|53.5|22.7|0.00|0.00|100.734|13.65|-2.57|54612.00|-1000.00|-1000.00
08-08-2018 15:04:58 |-27185|-1|0.00|53.7|22.7|0.00|0.00|100.763|12.87|-6.29|54612.00|-1000.00|-1000.00
08-08-2018 15:05:00 |-27184|-1|0.00|53.7|22.7|0.00|0.00|100.728|12.99|-5.95|54612.00|-1000.00|-1000.00
08-08-2018 15:05:02 |-27183|-1|0.00|53.7|22.7|0.00|0.00|100.730|13.79|-2.21|54612.00|-1000.00|-1000.00
08-08-2018 15:05:04 |-27182|-1|0.00|53.6|22.6|0.00|0.00|100.727|13.89|-1.61|54612.00|-1000.00|-1000.00
08-08-2018 15:05:06 |-27181|-1|0.00|53.5|22.6|0.00|0.00|100.731|13.16|-4.93|54612.00|-1000.00|-1000.00
08-08-2018 15:05:08 |-27180|-1|0.00|53.5|22.6|0.00|0.00|100.726|12.74|-6.92|54612.00|-1000.00|-1000.00
08-08-2018 15:05:10 |-27179|-1|0.00|53.4|22.7|0.00|0.00|100.734|13.18|-5.03|54612.00|-1000.00|-1000.00
08-08-2018 15:05:12 |-27178|-1|0.00|53.4|22.7|0.00|0.00|100.733|13.82|-2.14|54612.00|-1000.00|-1000.00
08-08-2018 15:05:14 |-27177|-1|0.00|53.4|22.6|0.00|0.00|100.727|13.96|-1.24|54612.00|-1000.00|-1000.00
08-08-2018 15:05:16 |-27176|-1|0.00|53.5|22.6|0.00|0.00|100.727|13.50|-3.23|54612.00|-1000.00|-1000.00
08-08-2018 15:05:18 |-27175|-1|0.00|53.5|22.7|0.00|0.00|100.732|12.92|-5.89|54612.00|-1000.00|-1000.00
08-08-2018 15:05:20 |-27174|-1|0.00|53.6|22.6|0.00|0.00|100.728|12.79|-6.91|54612.00|-1000.00|-1000.00
08-08-2018 15:05:23 |-27173|-1|0.00|53.5|22.7|0.00|0.00|100.731|12.99|-5.90|54612.00|-1000.00|-1000.00
08-08-2018 15:05:25 |-27172|-1|0.00|53.5|22.7|0.00|0.00|100.728|13.43|-3.99|54612.00|-1000.00|-1000.00
08-08-2018 15:05:27 |-27171|-1|0.00|53.6|22.7|0.00|0.00|100.730|13.84|-1.98|54612.00|-1000.00|-1000.00
08-08-2018 15:05:29 |-27170|-1|0.00|53.4|22.7|0.00|0.00|100.729|13.99|-1.14|54612.00|-1000.00|-1000.00
08-08-2018 15:05:31 |-27169|-1|0.00|53.5|22.7|0.00|0.00|100.731|13.67|-2.47|54612.00|-1000.00|-1000.00
08-08-2018 15:05:33 |-27168|-1|0.00|53.5|22.7|0.00|0.00|100.727|13.21|-4.73|54612.00|-1000.00|-1000.00
08-08-2018 15:05:35 |-27167|-1|0.00|53.5|22.7|0.00|0.00|100.728|12.82|-6.59|54612.00|-1000.00|-1000.00
08-08-2018 15:05:37 |-27166|-1|0.00|53.5|22.7|0.00|0.00|100.734|12.84|-6.46|54612.00|-1000.00|-1000.00
08-08-2018 15:05:39 |-27165|-1|0.00|53.5|22.7|0.00|0.00|100.733|13.40|-4.12|54612.00|-1000.00|-1000.00
08-08-2018 15:05:41 |-27164|-1|0.00|53.6|22.7|0.00|0.00|100.727|13.92|-1.62|54612.00|-1000.00|-1000.00
08-08-2018 15:05:43 |-27163|-1|0.00|53.7|22.7|0.00|0.00|100.734|13.89|-1.61|54612.00|-1000.00|-1000.00
08-08-2018 15:05:45 |-27162|-1|0.00|53.7|22.7|0.00|0.00|100.734|13.33|-4.07|54612.00|-1000.00|-1000.00
08-08-2018 15:05:47 |-27161|-1|0.00|54.0|22.7|0.00|0.00|100.735|12.82|-6.53|54612.00|-1000.00|-1000.00
08-08-2018 15:05:49 |-27160|-1|0.00|54.1|22.7|0.00|0.00|100.731|12.87|-6.31|54612.00|-1000.00|-1000.00
08-08-2018 15:05:51 |-27159|-1|0.00|54.1|22.7|0.00|0.00|100.731|13.55|-3.38|54612.00|-1000.00|-1000.00
08-08-2018 15:05:53 |-27158|-1|0.00|54.2|22.7|0.00|0.00|100.734|13.99|-1.18|54612.00|-1000.00|-1000.00
08-08-2018 15:05:55 |-27157|-1|0.00|54.3|22.7|0.00|0.00|100.735|13.50|-3.21|54612.00|-1000.00|-1000.00
08-08-2018 15:05:57 |-27156|-1|0.00|54.3|22.7|0.00|0.00|100.733|12.79|-6.58|54612.00|-1000.00|-1000.00
08-08-2018 15:06:00 |-27155|-1|0.00|54.3|22.7|0.00|0.00|100.728|13.01|-5.92|54612.00|-1000.00|-1000.00
08-08-2018 15:06:02 |-27154|-1|0.00|54.3|22.7|0.00|0.00|100.754|13.67|-2.79|54612.00|-1000.00|-1000.00
08-08-2018 15:06:04 |-27153|-1|0.00|54.3|22.7|0.00|0.00|100.730|13.96|-1.10|54612.00|-1000.00|-1000.00
08-08-2018 15:06:06 |-27152|-1|0.00|54.3|22.7|0.00|0.00|100.728|13.60|-2.77|54612.00|-1000.00|-1000.00
08-08-2018 15:06:08 |-27151|-1|0.00|54.3|22.7|0.00|0.00|100.729|13.04|-5.49|54612.00|-1000.00|-1000.00
08-08-2018 15:06:10 |-27150|-1|0.00|54.2|22.7|0.00|0.00|100.731|12.77|-6.90|54612.00|-1000.00|-1000.00
08-08-2018 15:06:12 |-27149|-1|0.00|54.2|22.7|0.00|0.00|100.731|13.11|-5.56|54612.00|-1000.00|-1000.00
08-08-2018 15:06:14 |-27148|-1|0.00|54.2|22.7|0.00|0.00|100.728|13.67|-2.92|54612.00|-1000.00|-1000.00
08-08-2018 15:06:16 |-27147|-1|0.00|54.3|22.7|0.00|0.00|100.730|13.94|-1.01|54612.00|-1000.00|-1000.00
08-08-2018 15:06:18 |-27146|-1|0.00|60.8|22.6|0.00|0.00|100.779|13.50|8.24|54612.00|-1000.00|-1000.00
